%YAML:1.0
---
camera_matrix: !!opencv-matrix
   rows: 3
   cols: 3
   dt: d
   data: [ 8.5710930524838125e+02, 0., 5.7145149891782876e+02, 0.,
       8.6101402590459134e+02, 9.5456539578468721e+02, 0., 0., 1. ]
distortion_coefficients: !!opencv-matrix
   rows: 4
   cols: 1
   dt: d
   data: [ 8.8742233136013315e-02, -7.4803064450414236e-02,
       3.1951899473668603e-02, 0. ]
ratio: 5.0000000000000000e-01
