每幅图像的标定误差：
第1幅图像的平均误差：0.0739925像素
第2幅图像的平均误差：0.0758336像素
第3幅图像的平均误差：0.0836294像素
第4幅图像的平均误差：0.0863216像素
第5幅图像的平均误差：0.0838557像素
第6幅图像的平均误差：0.081418像素
第7幅图像的平均误差：0.0907241像素
第8幅图像的平均误差：0.0919254像素
第9幅图像的平均误差：0.0871753像素
第10幅图像的平均误差：0.0912743像素
第11幅图像的平均误差：0.0815137像素
第12幅图像的平均误差：0.0729925像素
第13幅图像的平均误差：0.137058像素
第14幅图像的平均误差：0.114344像素
总体平均误差：0.0894328像素

相机内参数矩阵：
[1454.322730214913, 0, 338.795544375326;
 0, 1452.955473879352, 178.9597577946134;
 0, 0, 1]

畸变系数：
[-0.2986268946039386, 16.78192459661128, -0.004325996255482814, -0.004554804488394463, -130.992139155346]


第1幅图像的旋转向量：
[17.81943632933508;
 -18.83092812923524;
 299.2870168432081]
第1幅图像的旋转矩阵：
[0.3784168954450798, 0.9207533192113376, 0.09494197387358255;
 -0.9253920933036949, 0.3786731361989272, 0.01600404862133885;
 -0.02121619411470874, -0.09391475433909843, 0.9953541540701548]
第1幅图像的平移向量：
[0.209301034945118;
 2.409756865063721;
 0.6179522659794999]

第2幅图像的旋转向量：
[29.66186922904262;
 1.61816307639908;
 291.3050505838088]
第2幅图像的旋转矩阵：
[-0.7790545810753444, 0.601213132812024, 0.1778109350964422;
 -0.5992006571283315, -0.7974446113278676, 0.07099763630658371;
 0.184479083373957, -0.05123339534422604, 0.9815001818639707]
第2幅图像的平移向量：
[-0.1727286494954371;
 -3.028000096690925;
 0.8113546594315953]

第3幅图像的旋转向量：
[17.76114678879;
 -4.962696439446458;
 260.798589234574]
第3幅图像的旋转矩阵：
[-0.7582367760831455, 0.6384996171209545, 0.131890978961537;
 -0.6430550365103109, -0.7657521194584714, 0.01019370215288079;
 0.1075044715989091, -0.07708391843473968, 0.9912118129365624]
第3幅图像的平移向量：
[-0.3062146761480149;
 -2.209314209876556;
 -0.3002289196956958]

第4幅图像的旋转向量：
[20.78259709851356;
 5.968227137212718;
 267.8742631760334]
第4幅图像的旋转矩阵：
[0.1440516121890237, 0.9885744138246323, 0.04438199361258796;
 -0.9856167743940215, 0.1393267360884109, 0.09564326763591192;
 0.08836688892830546, -0.0575212042835944, 0.9944257659568648]
第4幅图像的平移向量：
[-0.2695242192135016;
 -2.570299681478779;
 -0.582892346385076]

第5幅图像的旋转向量：
[30.29541918448874;
 -11.51710050567304;
 285.4597922840578]
第5幅图像的旋转矩阵：
[-0.148271862246403, 0.9757152365050377, 0.1612303697133452;
 -0.9855326840187935, -0.15931802694518, 0.05781950381149775;
 0.08210227522241154, -0.1503247935046417, 0.985221636415426]
第5幅图像的平移向量：
[-0.3226828572445984;
 -2.767041194393965;
 -0.9042717684547482]

第6幅图像的旋转向量：
[21.58564410604244;
 -13.31892332312665;
 292.9391105334184]
第6幅图像的旋转矩阵：
[0.2957177561855189, 0.9505285218641036, 0.09511328928937526;
 -0.9552378537691745, 0.293354500548894, 0.03825937446130407;
 0.008464715179101447, -0.1021697906944678, 0.9947309598410947]
第6幅图像的平移向量：
[-0.3050991419636317;
 -2.750075570751792;
 -1.057920977622243]

第7幅图像的旋转向量：
[26.78286910632171;
 11.16405523880849;
 282.5044964326205]
第7幅图像的旋转矩阵：
[0.3238415145830846, -0.9406750975042764, 0.1012770179648566;
 0.9457336835626944, 0.3188279720648627, -0.0627417245853556;
 0.02672963163740392, 0.1160994623774253, 0.9928778583633546]
第7幅图像的平移向量：
[0.06321337268028351;
 2.920329588457832;
 0.7773815928819047]

第8幅图像的旋转向量：
[30.85076857729016;
 -17.03501221217346;
 287.5034458392477]
第8幅图像的旋转矩阵：
[0.8109175536055705, -0.5849839142121431, -0.01437154714694004;
 0.5825879434626902, 0.8094094738222091, -0.07380780323765186;
 0.05480884405157709, 0.05147935314176506, 0.997168925916685]
第8幅图像的平移向量：
[-0.05666139216912656;
 -2.738375788230939;
 1.180635442534675]

第9幅图像的旋转向量：
[-17.61535397438758;
 -14.28249117303278;
 295.2168516021343]
第9幅图像的旋转矩阵：
[0.7141064801415855, -0.6981887401636767, -0.05083717270318477;
 0.6998355067234022, 0.7137585552614757, 0.027910362237885;
 0.01679876629382251, -0.0555086290562911, 0.9983168803297362]
第9幅图像的平移向量：
[-2.066979208005799;
 -2.167489086566003;
 -0.07677167370127684]

第10幅图像的旋转向量：
[-27.00026442608963;
 -11.87444018002865;
 292.5432195435808]
第10幅图像的旋转矩阵：
[0.2896300656955035, 0.9567654017892215, -0.02672809354083595;
 -0.9514516567779265, 0.2847572980258193, -0.1168461639745757;
 -0.1041833473245944, 0.05927265103016773, 0.9927903016146454]
第10幅图像的平移向量：
[-1.922525870419757;
 -1.954847460859448;
 0.2771767667974233]

第11幅图像的旋转向量：
[23.48473440992473;
 -5.277366131726599;
 282.9048213309899]
第11幅图像的旋转矩阵：
[0.3818282545394784, -0.9236044904551117, 0.03408708327928797;
 0.9216906301791112, 0.3777848692121143, -0.0881190946073481;
 0.06850960717569726, 0.06506410535417767, 0.9955265420465154]
第11幅图像的平移向量：
[-0.1036896295205628;
 -3.058695616914485;
 -0.3943887471882292]

第12幅图像的旋转向量：
[9.424818282742057;
 -18.20652577802889;
 276.5695100249055]
第12幅图像的旋转矩阵：
[0.6466332826874013, -0.7618484031550155, -0.03811047534561005;
 0.760269813964058, 0.647749426204945, -0.04909674965026953;
 0.06209031885867601, 0.002773348394546536, 0.9980666815612625]
第12幅图像的平移向量：
[-0.4530069104164356;
 -2.808856531369965;
 -0.4805639144490059]

第13幅图像的旋转向量：
[9.729888808584295;
 -13.13050020195606;
 282.6653035075767]
第13幅图像的旋转矩阵：
[0.9234700765755113, -0.3833702671917341, -0.0151741854133162;
 0.3831260539034129, 0.9235443769101472, -0.01673949515507848;
 0.02043145834291733, 0.009644797094093157, 0.9997447341191628]
第13幅图像的平移向量：
[-0.4935020089102536;
 -2.905230690034472;
 -0.4055918786516007]

第14幅图像的旋转向量：
[-30.81574806296065;
 8.087250842791201;
 309.9238026074021]
第14幅图像的旋转矩阵：
[-0.8398663605583033, 0.5061143418281068, -0.1961447664314609;
 -0.5156551337228102, -0.856791591423943, -0.002819916760800054;
 -0.1694823868956913, 0.09877470253627382, 0.9805708942605886]
第14幅图像的平移向量：
[-2.708716737787511;
 -0.80581408378428;
 0.3078684644740441]


