每幅图的标定误差 
第1幅图的平均误差0.0739925像素
第2幅图的平均误差0.0758336像素
第3幅图的平均误差0.0836294像素
第4幅图的平均误差0.0863216像素
第5幅图的平均误差0.0838557像素
第6幅图的平均误差0.081418像素
第7幅图的平均误差0.0907241像素
第8幅图的平均误差0.0919254像素
第9幅图的平均误差0.0871753像素
第10幅图的平均误差0.0912743像素
第11幅图的平均误差0.0815137像素
第12幅图的平均误差0.0729925像素
第13幅图的平均误差0.137058像素
第14幅图的平均误差0.114344像素
总体平均误差为-nan
相机内参矩阵
[1454.322730214913, 0, 338.795544375326;
 0, 1452.955473879352, 178.9597577946134;
 0, 0, 1]
畸变系数
[-0.2986268946039386, 16.78192459661128, -0.004325996255482814, -0.004554804488394463, -130.992139155346]
第1幅图的旋转向量
[0.209301034945118;
 2.409756865063721;
 0.6179522659794999]
第1幅图的旋转矩阵
[-0.7864096651317474, -0.003240884951548589, 0.6176967988035099;
 0.2944129388565458, 0.8771287996549169, 0.3794286365705374;
 -0.5430293362436552, 0.4802442768848536, -0.6888284071509532]
第1幅图的平移向量
[17.81943632933508;
 -18.83092812923524;
 299.2870168432081]

第2幅图的旋转向量
[-0.1727286494954371;
 -3.028000096690925;
 0.8113546594315953]
第2幅图的旋转矩阵
[-0.9939443105836455, 0.1056007757861109, -0.03038393673922249;
 0.1066448497517953, 0.8603760330510827, -0.4983773246975615;
 -0.02648742116210167, -0.4985995967754618, -0.8664276418810334]
第2幅图的平移向量
[29.66186922904262;
 1.61816307639908;
 291.3050505838088]

第3幅图的旋转向量
[-0.3062146761480149;
 -2.209314209876556;
 -0.3002289196956958]
第3幅图的旋转矩阵
[-0.5984511075261306, 0.3212817459524926, -0.7339171013258008;
 0.1137801221157948, 0.9408668958345126, 0.3190980541056992;
 0.7930386848773914, 0.1074594064772691, -0.5996183121348869]
第3幅图的平移向量
[17.76114678879;
 -4.962696439446458;
 260.798589234574]

第4幅图的旋转向量
[-0.2695242192135016;
 -2.570299681478779;
 -0.582892346385076]
第4幅图的旋转矩阵
[-0.8617860879809925, 0.2896676650749977, -0.4164341272907586;
 0.08169120817672713, 0.8894629016134142, 0.4496468538309514;
 0.5006508614484184, 0.3534803961515337, -0.7901900559153546]
第4幅图的平移向量
[20.78259709851356;
 5.968227137212718;
 267.8742631760334]

第5幅图的旋转向量
[-0.3226828572445984;
 -2.767041194393965;
 -0.9042717684547482]
第5幅图的旋转矩阵
[-0.9534597290253429, 0.2710028699019239, -0.1321816539155138;
 0.1406451366314108, 0.7875013765911777, 0.6000504373875022;
 0.2667086250364834, 0.5535332206579131, -0.7889660847965689]
第5幅图的平移向量
[30.29541918448874;
 -11.51710050567304;
 285.4597922840578]

第6幅图的旋转向量
[-0.3050991419636317;
 -2.750075570751792;
 -1.057920977622243]
第6幅图的旋转矩阵
[-0.9629238420657383, 0.2533878344406775, -0.09258660669244209;
 0.1260089574344498, 0.7259171878003584, 0.6761405024862089;
 0.2385359868607674, 0.6394050686485712, -0.7309321043427194]
第6幅图的平移向量
[21.58564410604244;
 -13.31892332312665;
 292.9391105334184]

第7幅图的旋转向量
[0.06321337268028351;
 2.920329588457832;
 0.7773815928819047]
第7幅图的旋转矩阵
[-0.9920675548861774, 0.009758757968495901, 0.1253265063148007;
 0.07077504635414814, 0.8673100266511764, 0.4927110821606345;
 -0.1038886873327873, 0.4976726678382565, -0.8611208140156773]
第7幅图的平移向量
[26.78286910632171;
 11.16405523880849;
 282.5044964326205]

第8幅图的旋转向量
[-0.05666139216912656;
 -2.738375788230939;
 1.180635442534675]
第8幅图的旋转矩阵
[-0.9866676253882806, -0.0280133870608188, -0.1603192039527152;
 0.09734106302878601, 0.6878760210013061, -0.7192713654663563;
 0.1304289632676633, -0.7252874119111619, -0.6759781473273607]
第8幅图的平移向量
[30.85076857729016;
 -17.03501221217346;
 287.5034458392477]

第9幅图的旋转向量
[-2.066979208005799;
 -2.167489086566003;
 -0.07677167370127684]
第9幅图的旋转矩阵
[-0.04253040923689855, 0.996657258228111, -0.06975294912307867;
 0.9892246208615771, 0.05179702543019116, 0.1369369111593133;
 0.1400921617058265, -0.06317735177901193, -0.9881208470884417]
第9幅图的平移向量
[-17.61535397438758;
 -14.28249117303278;
 295.2168516021343]

第10幅图的旋转向量
[-1.922525870419757;
 -1.954847460859448;
 0.2771767667974233]
第10幅图的旋转矩阵
[0.01111211855146244, 0.9155219316379511, -0.4021145527224964;
 0.9912195333994928, 0.04290333090740694, 0.1250725421679025;
 0.1317587091185644, -0.3999736202388411, -0.9070064749958762]
第10幅图的平移向量
[-27.00026442608963;
 -11.87444018002865;
 292.5432195435808]

第11幅图的旋转向量
[-0.1036896295205628;
 -3.058695616914485;
 -0.3943887471882292]
第11幅图的旋转矩阵
[-0.9961852317830832, 0.07369618085349387, -0.04673175478081226;
 0.05943165365099408, 0.9650985131458224, 0.2550543833538862;
 0.06389728101878145, 0.2513040645340461, -0.965796771907566]
第11幅图的平移向量
[23.48473440992473;
 -5.277366131726599;
 282.9048213309899]

第12幅图的旋转向量
[-0.4530069104164356;
 -2.808856531369965;
 -0.4805639144490059]
第12幅图的旋转矩阵
[-0.9188829920358869, 0.342867214105874, -0.1951822749084892;
 0.2584780043434857, 0.8969371219231002, 0.358737955319638;
 0.2980657112413054, 0.2791878808393774, -0.9128038995176524]
第12幅图的平移向量
[9.424818282742057;
 -18.20652577802889;
 276.5695100249055]

第13幅图的旋转向量
[-0.4935020089102536;
 -2.905230690034472;
 -0.4055918786516007]
第13幅图的旋转矩阵
[-0.9314284730724831, 0.3444732195025554, -0.1173848397170892;
 0.2991531857193256, 0.9084103009079468, 0.2920583788873571;
 0.2072398876274573, 0.2369154411385562, -0.9491694805071864]
第13幅图的平移向量
[9.729888808584295;
 -13.13050020195606;
 282.6653035075767]

第14幅图的旋转向量
[-2.708716737787511;
 -0.80581408378428;
 0.3078684644740441]
第14幅图的旋转矩阵
[0.8199218751563583, 0.4963382415349942, -0.285265610668428;
 0.5601065699728612, -0.7985393610168849, 0.2204892722560023;
 -0.1183585607943833, -0.340563120282709, -0.9327422002836514]
第14幅图的平移向量
[-30.81574806296065;
 8.087250842791201;
 309.9238026074021]


